1495580
4036909
1932657
3997658
1837788
1502712
2013823
1862616
5775080
5455041
4964658
1789905
2895638
1275826
3469792
5952974
4684692
4883499
2860842
3829051
3073421
5488074
5104104
2636400
4888147
4720680
2674204
4628006
5687391
2303726
1436534
2965669
5542994
3277649
3042078
2479977
1245581
1677153
1354511
2323325
4556630
2403651
4180673
5140975
2495616
4093120
3183974
4419401
2337706
1597303
4471184
3136825
3355476
4851703
4971364
1803329
2063355
4006351
2743334
2362679
2277960
2131794
1705890
4677315
3457262
1573764
2343799
4244313
5041464
1925730
2238645
1668994
3910851
2900018
3149754
1062570
1951528
4322674
2601176
2514040
3230174
3178902
5704264
1036503
1260341
2642072
5011585
5794396
1173664
2367173
1951639
3265181
4475779
3182809
3926288
2132855
3092583
4242037
3631274
6000046
2895116
4421392
4650273
4675757
1465529
1717356
3783703
2143350
3661452
2870715
5536326
3426919
5034595
4309799
3404495
2220795
5858151
1582011
4989133
5133210
3171993
5747046
2806670
1577285
4215401
4528267
1240601
1077929
1039150
3431314
2929527
4330243
4982461
5846652
3305765
4203036
4282242
3804419
2970531
2682954
2235959
5551053
2308773
3813836
4597604
4690707
4024747
3797769
2503998
2519304
5719645
2743144
1990437
4541835
3710511
3980813
1785910
5148384
5385788
2955069
2521885
3014395
1198977
1932356
2481867
1505637
3820657
1049895
1426167
2098764
3626827
2048628
5657038
2063576
4390221
4922187
3935840
5142488
1404459
4248253
3354967
2140725
4564795
2252501
1841194
5408336
1932425
1830741
3103914
2198459
5825175
4201772
3360373
3465498
3136617
1669643
4205288
4473527
5487094
2121452
4476270
4563617
5090938
2379948
3209297
5984235
5185229
5096844
3858712
4124645
5368108
3109624
1501061
1172371
1189597
3028227
4938936
5431472
4888889
5348566
1543245
2833599
4390043
5647735
1391991
3567080
3255336
4796012
2916035
3432286
3774085
1292893
3175725
1534072
1314657
1792839
2358189
2878697
2406861
3965541
1158335
3808381
2321766
2176504
4645550
2293125
3135654
3150905
1954881
5452043
1605289
5219489
5551981
3888632
5393707
4031775
2462089
4271659
4419561
1729038
1435358
5272463
2175022
2606663
2254110
2591517
3108480
4162705
4236964
2422785
4540258
1145206
6023476
5128230
4651510
1445852
3576977
1754408
4749085
5255046
2732677
4650727
5022484
3941358
5706782
4593759
4791529
5234216
5987552
2903336
3398408
2632952
3232192
5947791
4427982
1215621
3534260
1329911
3179043
1095590
4393277
2482279
1886201
1547549
3992322
1317577
3288962
4837841
2298713
1634389
5782165
5942698
5474761
1682975
1653458
1666308
3328710
4019125
4676714
1026478
5296294
1786993
5479731
3256214
4352390
4228778
1670162
2659647
4936952
5286967
2473013
1175787
3902331
2941214
5365719
3422917
4288377
4586408
3064744
4358727
2344873
4227375
5636579
5150227
4640955
4279355
1472569
1162399
1892427
4605441
3403145
1253198
1670114
5020497
1515640
3106991
5413402
4163835
4292024
1477339
5130551
5340438
5607281
5309757
2506100
5945888
2580446
1148868
5032462
5398144
2727724
5730145
5401977
4324744
4476095
1854692
3018624
2331338
5892122
4269106
3771809
3491234
4700033
1981504
1184803
2308954
3153607
5811434
4336920
3652067
1533138
5097851
5386167
1521296
3496409
3150074
4666017
3552525
2714026
3831319
3759569
1711892
1039634
5873553
5024908
4249184
1305271
4241817
4366422
2911043
5024299
5814089
1767900
4252798
1304685
1025352
4246178
2959922
5764279
5337194
1494581
1216326
4630061
5087360
1408508
3767705
5428940
1222663
5187048
3624456
5127267
3760623
2056645
5646424
1571898
4963765
4865088
3730316
3950637
4362925
4306023
5348473
4310970
3071447
2567246
5585161
4241776
1396453
5403450
5409034
5531584
1950176
5547840
4463955
2017352
2865208
5276757
1971366
5637999
3883422
3598060
4098999
4959409
3366806
1093318
2197183
3347147
3985556
4122582
2795888
2781408
4548053
4379241
5207100
4203308
4013458
3936740
4729028
3350754
1993669
2389650
5302817
1054982
2381345
1890124
3454763
5109993
1032282
3666908
3692085
5789174
1970102
3731377
1417560
3965943
3670933
1513272
1423523
4894690
5077589
3925265
1829438
3223882
1881071
5744391
5637208
5036302
1734952
3021600
3441100
1725597
1084021
1248197
3862796
1641694
4478827
4112764
2443513
1859321
5016344
3484657
4142896
5390149
1838171
1572617
2170378
5861077
1735525
1032154
1674020
5077651
2904579
6010080
2895026
5897754
2667522
4822691
5053097
5815479
2660407
3587629
3121741
1672148
3810825
2843887
1623933
2527426
1920061
2491506
2819042
3424221
3398573
4247340
5236381
3755151
4162145
4527764
2650720
1094723
4380144
1463511
2869213
1017288
2731115
4919924
2152526
5991107
3792991
4025029
2580987
4503504
5785663
3519887
5754307
4484051
4261920
5355339
5263815
1078008
3406775
3263610
1938572
4759560
4439676
2255688
1695215
3559371
4690923
3018512
5824545
1839374
3413694
2285402
2156204
5237159
4933626
2340813
5260190
5985038
5341241
5627796
4564666
1228028
4924355
3028812
4395584
4470254
2917119
5814429
3864132
5783257
3848685
4069580
1282007
1527295
2389820
5809696
3587956
1668754
5914740
4796839
5815289
4838669
5869288
5330988
5876841
2476716
3589062
3447647
1264507
4654488
3930644
3028002
2440802
2950685
4919489
1330103
4232783
4911749
1802002
3059831
4138592
4621217
1167970
2131877
1485375
4022720
4190910
4122405
4220901
4637254
4204239
1992334
3741472
1832940
1783603
4786204
2040065
2730364
4861242
4704541
2722475
4846467
5711141
5656324
2914447
1578846
4142407
4555583
1912867
3523095
3577257
4749723
2295245
5041166
5635860
3183753
3397583
4254082
2261515
1026095
2721278
4534121
5439483
4650268
2835327
3335521
5189069
5879316
2797382
1530922
3161676
3785167
1243058
4048290
2054941
4880346
3768001
2643435
4566193
4261261
4533128
5372413
3402813
4279229
1724111
4460718
2917816
5213014
4658592
2759555
3307962
5994238
2348410
4904315
3357290
3734399
5751594
3087108
2494545
4228584
5205121
1041175
1152334
2836819
4963084
5631037
1399005
2970055
2299581
5875641
5323822
3140844
5039328
3535188
5306520
5928717
3972335
3187237
1414097
1743039
1495085
4648427
1755838
4463400
1753068
1291292
2123472
5606500
2138617
2965600
4512146
5312035
1032593
2893987
2221729
3886225
3376550
5619793
3399773
3576642
3094868
1518993
1273659
3598617
4950865
1190435
4714941
4382392
2608644
5191595
5409225
3771697
1279480
5934834
5170316
1970601
3966573
2626993
2240127
5204539
4646457
4149577
3925917
4310055
2205815
2693388
1114765
4585559
3760831
2261453
1977097
3317415
2390870
2550468
5951081
5839953
3158751
1368483
4369069
5878526
4761227
3905186
3139567
4166955
1933164
2957892
2193448
4200592
1657704
5994869
4160035
4602927
3179110
5168133
2137580
4100549
2588133
4925733
3578293
3615276
2994268
5593797
4266554
1913191
1846720
4592494
1109754
1880936
1683054
4450109
3870936
2284341
3900741
2365033
1081486
1802383
3488641
2873924
1044755
4415893
1416891
5998147
3533647
2770035
4573990
3930388
2690276
1716457
5260587
5499454
5450482
2801341
5674745
3216640
2464384
4287445
5259202
5616510
2937261
2457475
4618880
1272824
3743158
3831976
3389740
5423004
1595418
5197093
4697660
1756194
3214715
4579696
1544575
5356957
4807540
3088110
2793819
1042441
4900671
1611662
2196596
1667202
3738483
5000453
3227750
1723746
5494306
3996770
3176518
4782214
2357121
4468341
1511290
5413013
4444863
4085589
5945833
2951435
1262590
1513642
1751469
5116078
1672375
1143735
4284761
1163774
2555528
1598887
5810720
2726288
3769820
5418757
1863254
5507109
4854871
5709832
3748388
1239739
3478833
4428135
1771551
4579563
5877194
3510611
1540017
1744644
1545806
1536790
3539991
5741832
2237545
2493427
1436448
3936753
2251726
1104677
5489040
2402754
4693568
2683182
5638966
5329551
2981485
2165989
3864692
3656966
1791482
1143585
5350358
3268413
5926539
4111585
3045941
4781453
2604573
4642430
5599242
2101192
1904359
4350003
3887326
5574576
4159564
5509249
5069624
2520163
3143314
2991045
4088015
1350373
5825062
5874436
5275452
5339856
2913407
5483229
2680395
5580468
5758753
1901762
2852590
2744450
4041247
5718356
2679052
2130692
4118870
3661407
3804109
1042038
5215228
5245118
1319971
1844005
5953195
1741777
2118666
2295880
5114010
